每幅图像的标定误差：
第1幅图像的平均误差：0.0613052像素
第2幅图像的平均误差：0.0934558像素
第3幅图像的平均误差：0.0975808像素
第4幅图像的平均误差：0.09149像素
第5幅图像的平均误差：0.0871978像素
第6幅图像的平均误差：0.0952413像素
第7幅图像的平均误差：0.0987005像素
第8幅图像的平均误差：0.0739403像素
第9幅图像的平均误差：0.0741498像素
第10幅图像的平均误差：0.0728144像素
第11幅图像的平均误差：0.0748058像素
第12幅图像的平均误差：0.0556841像素
第13幅图像的平均误差：0.0645445像素
第14幅图像的平均误差：0.0675605像素
第15幅图像的平均误差：0.0867499像素
第16幅图像的平均误差：0.0633534像素
第17幅图像的平均误差：0.0859132像素
第18幅图像的平均误差：0.0703631像素
第19幅图像的平均误差：0.0557327像素
第20幅图像的平均误差：0.0731491像素
总体平均误差：0.0771866像素

相机内参数矩阵：
[624.4297672414002, 0, 399.5793457282749;
  0, 624.9334252403964, 294.6926150838123;
  0, 0, 1]

畸变系数：
[0.279849844819642, -1.522650748887157, -0.004091888262822879, -0.001988787285280528, 2.459251491571104]


第1幅图像的旋转向量：
[0.004199709594092479;
  3.135724513788657;
  -0.03311149845616602]
第1幅图像的旋转矩阵：
[-0.9999802220033051, 0.002738381313542135, 0.005661878663707915;
  0.002618211494756074, 0.9997734364016944, -0.0211239398341495;
  -0.005718441290214918, -0.02110869804913804, -0.9997608325474052]
第1幅图像的平移向量：
[25.30990397121437;
  -14.42387956027402;
  79.09534871207352]

第2幅图像的旋转向量：
[0.2118802074632025;
  -2.681345040917384;
  0.4247045892789512]
第2幅图像的旋转矩阵：
[-0.9020867570230675, -0.210017688196885, -0.377004049644087;
  -0.08323148330462955, 0.9418617859830167, -0.3255286412772208;
  0.4234524802035246, -0.262276470064164, -0.8671211277902098]
第2幅图像的平移向量：
[15.17058552914299;
  -17.80511720499888;
  60.51428855486631]

第3幅图像的旋转向量：
[-2.517450085068976;
  -0.8639013188167184;
  -0.02860262831407747]
第3幅图像的旋转矩阵：
[0.8009941354013659, 0.5842388321030209, -0.1306651526441408;
  0.5743165415523276, -0.6882610101906441, 0.4432350301484841;
  0.1690233864055265, -0.4300718183213733, -0.8868310582821035]
第3幅图像的平移向量：
[-30.99561588037973;
  5.270504724904931;
  84.29728145958792]

第4幅图像的旋转向量：
[0.2881863301718907;
  2.761571430575273;
  0.5720713623893068]
第4幅图像的旋转矩阵：
[-0.9331478292421104, 0.1325084920943561, 0.3341805325024443;
  0.2543606749396411, 0.9002704221840907, 0.3532899856841822;
  -0.2540389258066321, 0.4146741690331813, -0.8737903396763168]
第4幅图像的平移向量：
[29.87391482016664;
  -18.26909329742074;
  69.07708559083748]

第5幅图像的旋转向量：
[0.7907694202779882;
  2.489855479378271;
  -0.4665207889055986]
第5幅图像的旋转矩阵：
[-0.7161124782749873, 0.6089473878241569, 0.3411246067362951;
  0.4441443994600849, 0.7745666728695164, -0.4503134704937094;
  -0.5384409632328291, -0.1709665117559112, -0.8251374315657479]
第5幅图像的平移向量：
[17.69234675356561;
  -32.05923371683508;
  93.20803763371474]

第6幅图像的旋转向量：
[-0.7787767970638741;
  -3.010183291262201;
  0.09808093616848629]
第6幅图像的旋转矩阵：
[-0.8742134867192155, 0.483401694845515, -0.04553659032816904;
  0.485340666376941, 0.8726986987167894, -0.05330496054597693;
  0.01397201485179412, -0.06870067451273604, -0.9975394729645921]
第6幅图像的平移向量：
[15.80662040436422;
  -24.62130930971791;
  83.89865737878999]

第7幅图像的旋转向量：
[0.0155715278193348;
  3.010426239761369;
  -0.6811731358321481]
第7幅图像的旋转矩阵：
[-0.9984356921619337, 0.02197062188745431, 0.05141459317157627;
  -0.002303600589414437, 0.902615174371088, -0.4304422614234985;
  -0.05586467615089729, -0.4298873559072534, -0.9011525948415318]
第7幅图像的平移向量：
[25.01653921779508;
  -19.54776074467856;
  75.24468176806158]

第8幅图像的旋转向量：
[0.00894964349082979;
  2.675171820811661;
  0.08949813511323827]
第8幅图像的旋转矩阵：
[-0.8938411042125025, -0.008662182650419223, 0.4483001751191996;
  0.02131950320208054, 0.9978615280949437, 0.06178874922863747;
  -0.4478767232212349, 0.06478686085738178, -0.8917449766928074]
第8幅图像的平移向量：
[33.7184519471863;
  -16.58788588098891;
  83.22317834837872]

第9幅图像的旋转向量：
[3.016784395527921;
  0.2130094065543014;
  -0.4960718461551007]
第9幅图像的旋转矩阵：
[0.9380289813790859, 0.1490643545730195, -0.3128601097753492;
  0.1241995706372179, -0.9873986737652254, -0.09807306307138883;
  -0.3235368553139583, 0.05313828414997046, -0.9447223010023378]
第9幅图像的平移向量：
[-31.6733769962035;
  9.14263665063973;
  74.32175753820815]

第10幅图像的旋转向量：
[2.913422403982226;
  0.541298774271465;
  -0.4502659064369317]
第10幅图像的旋转矩阵：
[0.8902092504429818, 0.3708620486071707, -0.2645540234595514;
  0.3276581966149071, -0.9247163428724926, -0.1937518810633582;
  -0.3164926485983698, 0.08579642257935544, -0.9447070325004326]
第10幅图像的平移向量：
[-30.98219742315693;
  -0.7095275388297426;
  84.81239711629077]

第11幅图像的旋转向量：
[0.8289981892184557;
  2.721024331688299;
  0.07211216351397948]
第11幅图像的旋转矩阵：
[-0.7903924925709838, 0.5376885841339016, 0.2935484528651233;
  0.55248205608684, 0.8326755239918344, -0.03761714299335177;
  -0.2646569201617166, 0.1324479453861197, -0.9552037774074755]
第11幅图像的平移向量：
[11.70969591633867;
  -27.97130936986723;
  91.75994524047708]

第12幅图像的旋转向量：
[0.3719874368136969;
  2.837200455549062;
  -0.2888329838760664]
第12幅图像的旋转矩阵：
[-0.9320713393541815, 0.277075204716259, 0.2333931217622864;
  0.2243586868309418, 0.9473103560132836, -0.2286181730166718;
  -0.2844401483581347, -0.1607246724103946, -0.9451250613969422]
第12幅图像的平移向量：
[30.22507516557337;
  -25.95365775924289;
  80.14351423019365]

第13幅图像的旋转向量：
[3.060393961764346;
  0.4371197874446444;
  -0.03101816214807319]
第13幅图像的旋转矩阵：
[0.9598420229755961, 0.2802495094710019, -0.01278684368318794;
  0.2792469561970475, -0.9587943039815462, -0.05229359527921975;
  -0.02691520731481945, 0.04662290310357569, -0.9985498868466187]
第13幅图像的平移向量：
[-35.60601386314149;
  6.344365193915557;
  82.10500091089706]

第14幅图像的旋转向量：
[-2.899344764611112;
  -0.6079989267922795;
  0.5054712549997231]
第14幅图像的旋转矩阵：
[0.8621997991331556, 0.3656944353651054, -0.3505411335603044;
  0.4114265535317259, -0.9092340456475746, 0.06341641179024689;
  -0.295532904130407, -0.1988995479591168, -0.9343978127103609]
第14幅图像的平移向量：
[-37.55733048709843;
  4.010671950301424;
  99.48743068687428]

第15幅图像的旋转向量：
[-2.685174056913757;
  -0.4981951011819488;
  0.3729573050513733]
第15幅图像的旋转矩阵：
[0.9017822694273951, 0.2884025902326345, -0.3218892425873919;
  0.3900965842861424, -0.8637637458504952, 0.3189621392620223;
  -0.186046750776955, -0.4132022958569182, -0.8914316963311937]
第15幅图像的平移向量：
[-30.49238952657764;
  6.139863718374805;
  95.98329244201101]

第16幅图像的旋转向量：
[0.8132659111679663;
  2.63627681295389;
  -0.3072941838288046]
第16幅图像的旋转矩阵：
[-0.7678979956665452, 0.5776513049206827, 0.2768603224998756;
  0.4984859954853239, 0.8103124175794787, -0.3080673598768727;
  -0.4022988696930534, -0.09855331470799658, -0.9101883670997769]
第16幅图像的平移向量：
[23.94242208396465;
  -31.49612252980307;
  116.0432612873577]

第17幅图像的旋转向量：
[-2.353414684205423;
  -1.8252307347164;
  -0.5282857549362402]
第17幅图像的旋转矩阵：
[0.2134223655820292, 0.9561629062890404, 0.2005078315334985;
  0.9154416246646797, -0.2674043394051364, 0.3007682681045223;
  0.341200125587113, 0.1193625397861405, -0.9323813910600856]
第17幅图像的平移向量：
[-24.79410104629398;
  -12.90389953444548;
  76.74652556697554]

第18幅图像的旋转向量：
[-2.222992844761058;
  -2.109004653576585;
  0.7281586018127916]
第18幅图像的旋转矩阵：
[-0.003655296441184119, 0.9470700956996352, -0.3210060320919387;
  0.9433799411049826, -0.103211348137994, -0.3152486389126801;
  -0.3316940239568488, -0.303982978877143, -0.8930696630298736]
第18幅图像的平移向量：
[-8.286613732937774;
  -23.28380349914394;
  114.1417899505256]

第19幅图像的旋转向量：
[0.2033964631280933;
  2.848554173471076;
  -0.3026736357200188]
第19幅图像的旋转矩阵：
[-0.9539754914860012, 0.1660538627456925, 0.2497135885595274;
  0.1098718914680875, 0.9683345670750558, -0.2241792445182878;
  -0.2790321291702212, -0.1864250006699751, -0.9420120965337615]
第19幅图像的平移向量：
[25.15720511540827;
  -21.92756365981637;
  96.49896423419048]

第20幅图像的旋转向量：
[-0.2358320164956444;
  -3.075986642423917;
  -0.5528956025768168]
第20幅图像的旋转矩阵：
[-0.9886488134762997, 0.1490052774764622, 0.01926008556749166;
  0.1463854706250303, 0.9264369020192526, 0.3468226644365359;
  0.03383515334371927, 0.3457052123719456, -0.9377329516109983]
第20幅图像的平移向量：
[24.80910796891139;
  -11.03165159999729;
  75.58556700965771]


